datetime : 02-03-2018 13:17
avagadro : 6.023e+23
ial : 4.04e-10
epsilon : 8e-20
sigma : 2.85e-10
timestep : 5e-15
N_steps : 10
N : [5 5 5]
Fa : 4.0803999999999997e-16
mass : 4.4798273285738e-26
FaByMass : 9108386776.36943
