datetime : 02-03-2018 15:53
avagadro : 6.023e+23
ial : 3.84e-10
epsilon : 8e-20
sigma : 2.85e-10
timestep : 5e-15
N_steps : 10
N : [20  5  5]
Fa : 3.6864000000000006e-16
mass : 4.4798273285738e-26
FaByMass : 8228888592.394932
