datetime : 02-03-2018 12:59
avagadro : 6.023e+23
ial : 4.04e-10
epsilon : 8e-20
sigma : 2.85e-10
timestep : 5e-15
N_steps : 20
N : [3 3 3]
Fa : 1.4689439999999998e-16
mass : 4.4798273285738e-26
FaByMass : 3279019239.492995
