datetime : 26-03-2018 08:39
avagadro : 6.023e+23
ial : 4.04e-10
epsilon : 8e-20
sigma : 2.85e-10
timestep : 1e-18
N_steps : 10
N : [3 3 3]
Fa : 1.468944e-10
mass : 4.4798273285738e-26
FaByMass : 3.27901923949e+15
