datetime : 05-03-2018 22:36
avagadro : 6.023e+23
ial : 4.04e-10
epsilon : 8e-20
sigma : 2.85e-10
timestep : 5e-15
N_steps : 10
N : [50  6  6]
Fa : 5.875775999999999e-10
mass : 4.4798273285738e-26
FaByMass : 1.311607695797198e+16
