datetime : 02-03-2018 15:51
avagadro : 6.023e+23
ial : 3.84e-10
epsilon : 8e-20
sigma : 2.85e-10
timestep : 5e-15
N_steps : 10
N : [2 2 2]
Fa : 5.898240000000001e-17
mass : 4.4798273285738e-26
FaByMass : 1316622174.783189
